1 	 1.8 	 1.2 	 5.967665166666669 	 -96.443995  
2 	 1.988888888888889 	 1.2 	 6.78598805555557 	 -95.76471666666664  
3 	 2.177777777777778 	 1.2 	 -27.43376872222223 	 -93.04612500000009  
4 	 2.3666666666666667 	 1.2 	 -21.941165666666684 	 -94.21675666666674  
5 	 2.5555555555555554 	 1.2 	 -29.358038777777786 	 -104.41354833333327  
6 	 2.7444444444444445 	 1.2 	 -19.291137222222197 	 -101.81734833333356  
7 	 2.9333333333333336 	 1.2 	 -13.126104833333319 	 -101.21890833333325  
8 	 3.1222222222222222 	 1.2 	 -7.089696944444457 	 -100.72907999999981  
9 	 3.311111111111111 	 1.2 	 -2.9599400555555544 	 -99.41429833333348  
10 	 3.5 	 1.2 	 -0.5828114999999467 	 -98.69254999999998  
11 	 1.8 	 1.3777777777777778 	 6.146267666666683 	 -11.697908888888886  
12 	 1.988888888888889 	 1.3777777777777778 	 3.177241222222227 	 -12.216708888888705  
13 	 2.177777777777778 	 1.3777777777777778 	 -28.232268222222203 	 -15.211098888888941  
14 	 2.3666666666666667 	 1.3777777777777778 	 -22.129856999999966 	 -14.68598555555567  
15 	 2.5555555555555554 	 1.3777777777777778 	 -22.494769277777806 	 -18.546380555555466  
16 	 2.7444444444444445 	 1.3777777777777778 	 -19.083971888888883 	 -19.721207222222368  
17 	 2.9333333333333336 	 1.3777777777777778 	 -12.007462333333319 	 -18.198892222222263  
18 	 3.1222222222222222 	 1.3777777777777778 	 -5.747002277777824 	 -16.748583888889  
19 	 3.311111111111111 	 1.3777777777777778 	 -1.8297785555555723 	 -15.809737222222342  
20 	 3.5 	 1.3777777777777778 	 0.16105100000003425 	 -15.830473888888807  
21 	 1.8 	 1.5555555555555554 	 5.493883666666699 	 54.146352222221864  
22 	 1.988888888888889 	 1.5555555555555554 	 -5.369507944444463 	 46.303948888888556  
23 	 2.177777777777778 	 1.5555555555555554 	 -26.929828555555524 	 40.296948888888686  
24 	 2.3666666666666667 	 1.5555555555555554 	 -24.624378000000036 	 39.231250555555434  
25 	 2.5555555555555554 	 1.5555555555555554 	 -24.85594611111108 	 37.01273388888882  
26 	 2.7444444444444445 	 1.5555555555555554 	 -16.939127888888894 	 38.35139555555544  
27 	 2.9333333333333336 	 1.5555555555555554 	 -10.628299499999994 	 41.36631222222209  
28 	 3.1222222222222222 	 1.5555555555555554 	 -2.6365167777778087 	 18.457388888888595  
29 	 3.311111111111111 	 1.5555555555555554 	 -1.6158380555555851 	 44.59676388888867  
30 	 3.5 	 1.5555555555555554 	 0.3359618333333092 	 44.69846055555537  
31 	 1.8 	 1.7333333333333332 	 -7.155262166666665 	 27.05499666666644  
32 	 1.988888888888889 	 1.7333333333333332 	 -28.121806444444395 	 64.36103666666648  
33 	 2.177777777777778 	 1.7333333333333332 	 -29.411633222222243 	 58.728988333333064  
34 	 2.3666666666666667 	 1.7333333333333332 	 -27.651992666666647 	 58.63894166666639  
35 	 2.5555555555555554 	 1.7333333333333332 	 -20.535716444444454 	 64.19623166666622  
36 	 2.7444444444444445 	 1.7333333333333332 	 -13.789826888888879 	 68.76074333333327  
37 	 2.9333333333333336 	 1.7333333333333332 	 -8.026319166666651 	 73.5040533333331  
38 	 3.1222222222222222 	 1.7333333333333332 	 -3.8288844444444248 	 75.02421999999976  
39 	 3.311111111111111 	 1.7333333333333332 	 -1.2306943888888977 	 75.74912166666658  
40 	 3.5 	 1.7333333333333332 	 0.49762483333331 	 77.25759333333326  
41 	 1.8 	 1.911111111111111 	 -16.82225500000001 	 26.880481111110743  
42 	 1.988888888888889 	 1.911111111111111 	 -25.96188244444444 	 26.996214444444444  
43 	 2.177777777777778 	 1.911111111111111 	 -24.84369638888886 	 42.17885111111119  
44 	 2.3666666666666667 	 1.911111111111111 	 -19.946063999999986 	 54.0119861111108  
45 	 2.5555555555555554 	 1.911111111111111 	 -15.656543111111088 	 59.62297777777792  
46 	 2.7444444444444445 	 1.911111111111111 	 -10.391915888888903 	 63.036264444444214  
47 	 2.9333333333333336 	 1.911111111111111 	 -5.01606683333331 	 67.81281777777792  
48 	 3.1222222222222222 	 1.911111111111111 	 -1.6926144444444624 	 67.6994111111111  
49 	 3.311111111111111 	 1.911111111111111 	 -0.44371255555559763 	 69.47476777777806  
50 	 3.5 	 1.911111111111111 	 -1.4171029999999973 	 28.978746111111064  
51 	 1.8 	 2.0888888888888886 	 -10.470063499999993 	 4.4272238888884985  
52 	 1.988888888888889 	 2.0888888888888886 	 -6.068525944444447 	 -7.998719444444635  
53 	 2.177777777777778 	 2.0888888888888886 	 -1.6128322222221936 	 14.776350555555151  
54 	 2.3666666666666667 	 2.0888888888888886 	 -11.954508999999991 	 31.079450555555166  
55 	 2.5555555555555554 	 2.0888888888888886 	 -12.664550111111161 	 35.233187222222014  
56 	 2.7444444444444445 	 2.0888888888888886 	 -12.46068605555557 	 22.183153888888807  
57 	 2.9333333333333336 	 2.0888888888888886 	 -6.430593666666651 	 20.280060555555313  
58 	 3.1222222222222222 	 2.0888888888888886 	 -2.957128111111107 	 17.824135555555287  
59 	 3.311111111111111 	 2.0888888888888886 	 -1.6008105555555652 	 20.06769555555543  
60 	 3.5 	 2.0888888888888886 	 -1.344338333333317 	 26.468142222221935  
61 	 1.8 	 2.2666666666666666 	 -7.947753833333304 	 8.127721666666865  
62 	 1.988888888888889 	 2.2666666666666666 	 3.905876055555546 	 11.798906666666387  
63 	 2.177777777777778 	 2.2666666666666666 	 9.502464444444492 	 17.900186666666595  
64 	 2.3666666666666667 	 2.2666666666666666 	 -16.568510666666647 	 20.219313333333044  
65 	 2.5555555555555554 	 2.2666666666666666 	 -15.123398277777778 	 23.709671666666488  
66 	 2.7444444444444445 	 2.2666666666666666 	 -13.241523722222182 	 24.76768833333365  
67 	 2.9333333333333336 	 2.2666666666666666 	 -7.161912666666614 	 23.48626499999984  
68 	 3.1222222222222222 	 2.2666666666666666 	 -9.098517444444454 	 6.632479999999941  
69 	 3.311111111111111 	 2.2666666666666666 	 -1.7601992222222584 	 19.057791666666546  
70 	 3.5 	 2.2666666666666666 	 -1.182499833333317 	 18.66627833333334  
71 	 1.8 	 2.444444444444444 	 -6.181355166666669 	 -5.609873888889005  
72 	 1.988888888888889 	 2.444444444444444 	 6.723304888888881 	 5.726732777777688  
73 	 2.177777777777778 	 2.444444444444444 	 15.771907277777819 	 2.5357561111110094  
74 	 2.3666666666666667 	 2.444444444444444 	 -19.032529500000006 	 16.502534444443828  
75 	 2.5555555555555554 	 2.444444444444444 	 -13.536504777777836 	 21.083001111111166  
76 	 2.7444444444444445 	 2.444444444444444 	 -14.173914555555545 	 27.687872777777844  
77 	 2.9333333333333336 	 2.444444444444444 	 -8.202911333333285 	 28.432386111111096  
78 	 3.1222222222222222 	 2.444444444444444 	 -4.3456089444444235 	 26.939476111111027  
79 	 3.311111111111111 	 2.444444444444444 	 -2.4735440555555765 	 26.97865944444411  
80 	 3.5 	 2.444444444444444 	 -6.727582666666709 	 24.753282777777663  
81 	 1.8 	 2.622222222222222 	 -4.428109000000013 	 3.674005555555304  
82 	 1.988888888888889 	 2.622222222222222 	 8.750216222222228 	 5.527572222221444  
83 	 2.177777777777778 	 2.622222222222222 	 19.462889611111112 	 5.403935555555073  
84 	 2.3666666666666667 	 2.622222222222222 	 -18.191679166666663 	 0.14502222222168015  
85 	 2.5555555555555554 	 2.622222222222222 	 -9.380678944444432 	 -0.13656777777804052  
86 	 2.7444444444444445 	 2.622222222222222 	 -18.84380155555556 	 24.57286222222166  
87 	 2.9333333333333336 	 2.622222222222222 	 -10.047223000000027 	 -4.377252777777674  
88 	 3.1222222222222222 	 2.622222222222222 	 -7.844083611111108 	 6.1772572222213995  
89 	 3.311111111111111 	 2.622222222222222 	 -4.006154722222233 	 -4.3032994444449635  
90 	 3.5 	 2.622222222222222 	 -2.7453873333333156 	 -3.573871111111515  
91 	 1.8 	 2.8 	 -4.276272666666681 	 7.351348333333174  
92 	 1.988888888888889 	 2.8 	 9.218512722222204 	 7.18220500000033  
93 	 2.177777777777778 	 2.8 	 18.27929461111115 	 7.647058333333234  
94 	 2.3666666666666667 	 2.8 	 -20.658875666666667 	 5.208351666666555  
95 	 2.5555555555555554 	 2.8 	 -9.811979277777771 	 5.080443333333129  
96 	 2.7444444444444445 	 2.8 	 -6.08028722222218 	 4.390951666666254  
97 	 2.9333333333333336 	 2.8 	 -10.151518499999979 	 2.9583749999995135  
98 	 3.1222222222222222 	 2.8 	 -5.773782277777784 	 3.6726983333328356  
99 	 3.311111111111111 	 2.8 	 -3.467214722222245 	 3.972044999999813  
100 	 3.5 	 2.8 	 -2.2515764999999632 	 4.993354999999866  
